5 0 0 0 0 0 2 0 3 4 0 0 0 50 5
4 2 0 0 0 0 2 0 3 4 0 0 0 0 6
4 0 3 0 0 0 2 0 3 4 0 0 0 0 7
4 0 0 4 0 0 2 0 3 4 0 0 0 0 8
4 0 0 0 5 0 2 0 3 4 0 0 0 0 9
4 0 0 0 0 6 2 0 3 4 0 0 0 0 10
3 4 0 0 0 0 4 6 3 0 30 0 0 0 7
3 2 3 0 0 0 2 0 3 0 0 0 0 0 8
3 2 0 4 0 0 2 0 3 0 0 0 0 0 9
3 2 0 0 5 0 2 0 3 0 0 0 0 0 10
3 2 0 0 0 6 2 0 3 0 0 0 0 0 11
3 0 6 0 0 0 6 8 3 0 30 0 0 0 9
3 0 3 4 0 0 2 0 3 0 0 0 0 0 10
3 0 3 0 5 0 2 0 3 0 0 0 0 0 11
3 0 3 0 0 6 2 0 3 0 0 0 0 0 12
3 0 0 8 0 0 8 10 3 0 30 0 0 0 11
3 0 0 4 5 0 2 0 3 0 0 0 0 0 12
3 0 0 4 0 6 2 0 3 0 0 0 0 0 13
3 0 0 0 10 0 10 12 3 0 30 0 0 0 13
3 0 0 0 5 6 2 0 3 0 0 0 0 0 14
3 0 0 0 0 12 12 14 3 0 30 0 0 0 15
2 6 0 0 0 0 4 6 6 0 30 0 0 0 8
2 4 3 0 0 0 4 6 0 0 0 0 0 0 9
2 4 0 4 0 0 4 6 0 0 0 0 0 0 10
2 4 0 0 5 0 4 6 0 0 0 0 0 0 11
2 4 0 0 0 6 4 6 0 0 0 0 0 0 12
2 2 6 0 0 0 6 8 0 0 0 0 0 0 10
2 2 3 4 0 0 2 0 0 0 0 25 0 0 11
2 2 3 0 5 0 2 0 0 0 0 0 0 0 12
2 2 3 0 0 6 2 0 0 0 0 0 0 0 13
2 2 0 8 0 0 8 10 0 0 0 0 0 0 12
2 2 0 4 5 0 2 0 0 0 0 0 0 0 13
2 2 0 4 0 6 2 0 0 0 0 0 0 0 14
2 2 0 0 10 0 10 12 0 0 0 0 0 0 14
2 2 0 0 5 6 2 0 0 0 0 0 0 0 15
2 2 0 0 0 12 12 14 0 0 0 0 0 0 16
2 0 9 0 0 0 6 8 9 0 30 0 0 0 11
2 0 6 4 0 0 6 8 0 0 0 0 0 0 12
2 0 6 0 5 0 6 8 0 0 0 0 0 0 13
2 0 6 0 0 6 6 8 0 0 0 0 0 0 14
2 0 3 8 0 0 8 10 0 0 0 0 0 0 13
2 0 3 4 5 0 2 0 0 0 0 0 0 0 14
2 0 3 4 0 6 2 0 0 0 0 0 0 0 15
2 0 3 0 10 0 10 12 0 0 0 0 0 0 15
2 0 3 0 5 6 2 0 0 0 0 0 0 0 16
2 0 3 0 0 12 12 14 0 0 0 0 0 0 17
2 0 0 12 0 0 8 10 12 0 30 0 0 0 14
2 0 0 8 5 0 8 10 0 0 0 0 0 0 15
2 0 0 8 0 6 8 10 0 0 0 0 0 0 16
2 0 0 4 10 0 10 12 0 0 0 0 0 0 16
2 0 0 4 5 6 2 0 0 0 0 0 0 0 17
2 0 0 4 0 12 12 14 0 0 0 0 0 0 18
2 0 0 0 15 0 10 12 15 0 30 0 0 0 17
2 0 0 0 10 6 10 12 0 0 0 0 0 0 18
2 0 0 0 5 12 12 14 0 0 0 0 0 0 19
2 0 0 0 0 18 12 14 18 0 30 0 0 0 20
1 8 0 0 0 0 4 0 6 8 0 0 0 0 9
1 6 3 0 0 0 4 0 6 0 0 0 0 0 10
1 6 0 4 0 0 4 0 6 0 0 0 0 0 11
1 6 0 0 5 0 4 0 6 0 0 0 0 0 12
1 6 0 0 0 6 4 0 6 0 0 0 0 0 13
1 4 6 0 0 0 6 10 0 0 0 0 0 0 11
1 4 3 4 0 0 4 0 0 0 0 25 0 0 12
1 4 3 0 5 0 4 0 0 0 0 0 0 0 13
1 4 3 0 0 6 4 0 0 0 0 0 0 0 14
1 4 0 8 0 0 8 12 0 0 0 0 0 0 13
1 4 0 4 5 0 4 0 0 0 0 0 0 0 14
1 4 0 4 0 6 4 0 0 0 0 0 0 0 15
1 4 0 0 10 0 10 14 0 0 0 0 0 0 15
1 4 0 0 5 6 4 0 0 0 0 0 0 0 16
1 4 0 0 0 12 12 16 0 0 0 0 0 0 17
1 2 9 0 0 0 6 0 9 0 0 0 0 0 12
1 2 6 4 0 0 6 0 0 0 0 25 0 0 13
1 2 6 0 5 0 6 0 0 0 0 0 0 0 14
1 2 6 0 0 6 6 0 0 0 0 0 0 0 15
1 2 3 8 0 0 8 0 0 0 0 25 0 0 14
1 2 3 4 5 0 0 0 0 0 0 0 40 0 15
1 2 3 4 0 6 0 0 0 0 0 0 0 0 16
1 2 3 0 10 0 10 0 0 0 0 0 0 0 16
1 2 3 0 5 6 0 0 0 0 0 0 0 0 17
1 2 3 0 0 12 12 0 0 0 0 0 0 0 18
1 2 0 12 0 0 8 0 12 0 0 0 0 0 15
1 2 0 8 5 0 8 0 0 0 0 0 0 0 16
1 2 0 8 0 6 8 0 0 0 0 0 0 0 17
1 2 0 4 10 0 10 0 0 0 0 0 0 0 17
1 2 0 4 5 6 0 0 0 0 0 0 0 0 18
1 2 0 4 0 12 12 0 0 0 0 0 0 0 19
1 2 0 0 15 0 10 0 15 0 0 0 0 0 18
1 2 0 0 10 6 10 0 0 0 0 0 0 0 19
1 2 0 0 5 12 12 0 0 0 0 0 0 0 20
1 2 0 0 0 18 12 0 18 0 0 0 0 0 21
1 0 12 0 0 0 6 0 9 12 0 0 0 0 13
1 0 9 4 0 0 6 0 9 0 0 0 0 0 14
1 0 9 0 5 0 6 0 9 0 0 0 0 0 15
1 0 9 0 0 6 6 0 9 0 0 0 0 0 16
1 0 6 8 0 0 8 14 0 0 0 0 0 0 15
1 0 6 4 5 0 6 0 0 0 0 0 0 0 16
1 0 6 4 0 6 6 0 0 0 0 0 0 0 17
1 0 6 0 10 0 10 16 0 0 0 0 0 0 17
1 0 6 0 5 6 6 0 0 0 0 0 0 0 18
1 0 6 0 0 12 12 18 0 0 0 0 0 0 19
1 0 3 12 0 0 8 0 12 0 0 0 0 0 16
1 0 3 8 5 0 8 0 0 0 0 0 0 0 17
1 0 3 8 0 6 8 0 0 0 0 0 0 0 18
1 0 3 4 10 0 10 0 0 0 0 0 0 0 18
1 0 3 4 5 6 0 0 0 0 0 0 0 0 19
1 0 3 4 0 12 12 0 0 0 0 0 0 0 20
1 0 3 0 15 0 10 0 15 0 0 0 0 0 19
1 0 3 0 10 6 10 0 0 0 0 0 0 0 20
1 0 3 0 5 12 12 0 0 0 0 0 0 0 21
1 0 3 0 0 18 12 0 18 0 0 0 0 0 22
1 0 0 16 0 0 8 0 12 16 0 0 0 0 17
1 0 0 12 5 0 8 0 12 0 0 0 0 0 18
1 0 0 12 0 6 8 0 12 0 0 0 0 0 19
1 0 0 8 10 0 10 18 0 0 0 0 0 0 19
1 0 0 8 5 6 8 0 0 0 0 0 0 0 20
1 0 0 8 0 12 12 20 0 0 0 0 0 0 21
1 0 0 4 15 0 10 0 15 0 0 0 0 0 20
1 0 0 4 10 6 10 0 0 0 0 0 0 0 21
1 0 0 4 5 12 12 0 0 0 0 0 0 0 22
1 0 0 4 0 18 12 0 18 0 0 0 0 0 23
1 0 0 0 20 0 10 0 15 20 0 0 0 0 21
1 0 0 0 15 6 10 0 15 0 0 0 0 0 22
1 0 0 0 10 12 12 22 0 0 0 0 0 0 23
1 0 0 0 5 18 12 0 18 0 0 0 0 0 24
1 0 0 0 0 24 12 0 18 24 0 0 0 0 25
0 10 0 0 0 0 4 0 6 8 0 0 0 50 10
0 8 3 0 0 0 4 0 6 8 0 0 0 0 11
0 8 0 4 0 0 4 0 6 8 0 0 0 0 12
0 8 0 0 5 0 4 0 6 8 0 0 0 0 13
0 8 0 0 0 6 4 0 6 8 0 0 0 0 14
0 6 6 0 0 0 6 10 6 0 30 0 0 0 12
0 6 3 4 0 0 4 0 6 0 0 0 0 0 13
0 6 3 0 5 0 4 0 6 0 0 0 0 0 14
0 6 3 0 0 6 4 0 6 0 0 0 0 0 15
0 6 0 8 0 0 8 12 6 0 30 0 0 0 14
0 6 0 4 5 0 4 0 6 0 0 0 0 0 15
0 6 0 4 0 6 4 0 6 0 0 0 0 0 16
0 6 0 0 10 0 10 14 6 0 30 0 0 0 16
0 6 0 0 5 6 4 0 6 0 0 0 0 0 17
0 6 0 0 0 12 12 16 6 0 30 0 0 0 18
0 4 9 0 0 0 6 10 9 0 30 0 0 0 13
0 4 6 4 0 0 6 10 0 0 0 0 0 0 14
0 4 6 0 5 0 6 10 0 0 0 0 0 0 15
0 4 6 0 0 6 6 10 0 0 0 0 0 0 16
0 4 3 8 0 0 8 12 0 0 0 0 0 0 15
0 4 3 4 5 0 4 0 0 0 0 25 0 0 16
0 4 3 4 0 6 4 0 0 0 0 0 0 0 17
0 4 3 0 10 0 10 14 0 0 0 0 0 0 17
0 4 3 0 5 6 4 0 0 0 0 0 0 0 18
0 4 3 0 0 12 12 16 0 0 0 0 0 0 19
0 4 0 12 0 0 8 12 12 0 30 0 0 0 16
0 4 0 8 5 0 8 12 0 0 0 0 0 0 17
0 4 0 8 0 6 8 12 0 0 0 0 0 0 18
0 4 0 4 10 0 10 14 0 0 0 0 0 0 18
0 4 0 4 5 6 4 0 0 0 0 0 0 0 19
0 4 0 4 0 12 12 16 0 0 0 0 0 0 20
0 4 0 0 15 0 10 14 15 0 30 0 0 0 19
0 4 0 0 10 6 10 14 0 0 0 0 0 0 20
0 4 0 0 5 12 12 16 0 0 0 0 0 0 21
0 4 0 0 0 18 12 16 18 0 30 0 0 0 22
0 2 12 0 0 0 6 0 9 12 0 0 0 0 14
0 2 9 4 0 0 6 0 9 0 0 0 0 0 15
0 2 9 0 5 0 6 0 9 0 0 0 0 0 16
0 2 9 0 0 6 6 0 9 0 0 0 0 0 17
0 2 6 8 0 0 8 14 0 0 0 0 0 0 16
0 2 6 4 5 0 6 0 0 0 0 25 0 0 17
0 2 6 4 0 6 6 0 0 0 0 0 0 0 18
0 2 6 0 10 0 10 16 0 0 0 0 0 0 18
0 2 6 0 5 6 6 0 0 0 0 0 0 0 19
0 2 6 0 0 12 12 18 0 0 0 0 0 0 20
0 2 3 12 0 0 8 0 12 0 0 0 0 0 17
0 2 3 8 5 0 8 0 0 0 0 25 0 0 18
0 2 3 8 0 6 8 0 0 0 0 0 0 0 19
0 2 3 4 10 0 10 0 0 0 0 25 0 0 19
0 2 3 4 5 6 0 0 0 0 0 0 40 0 20
0 2 3 4 0 12 12 0 0 0 0 0 0 0 21
0 2 3 0 15 0 10 0 15 0 0 0 0 0 20
0 2 3 0 10 6 10 0 0 0 0 0 0 0 21
0 2 3 0 5 12 12 0 0 0 0 0 0 0 22
0 2 3 0 0 18 12 0 18 0 0 0 0 0 23
0 2 0 16 0 0 8 0 12 16 0 0 0 0 18
0 2 0 12 5 0 8 0 12 0 0 0 0 0 19
0 2 0 12 0 6 8 0 12 0 0 0 0 0 20
0 2 0 8 10 0 10 18 0 0 0 0 0 0 20
0 2 0 8 5 6 8 0 0 0 0 0 0 0 21
0 2 0 8 0 12 12 20 0 0 0 0 0 0 22
0 2 0 4 15 0 10 0 15 0 0 0 0 0 21
0 2 0 4 10 6 10 0 0 0 0 0 0 0 22
0 2 0 4 5 12 12 0 0 0 0 0 0 0 23
0 2 0 4 0 18 12 0 18 0 0 0 0 0 24
0 2 0 0 20 0 10 0 15 20 0 0 0 0 22
0 2 0 0 15 6 10 0 15 0 0 0 0 0 23
0 2 0 0 10 12 12 22 0 0 0 0 0 0 24
0 2 0 0 5 18 12 0 18 0 0 0 0 0 25
0 2 0 0 0 24 12 0 18 24 0 0 0 0 26
0 0 15 0 0 0 6 0 9 12 0 0 0 50 15
0 0 12 4 0 0 6 0 9 12 0 0 0 0 16
0 0 12 0 5 0 6 0 9 12 0 0 0 0 17
0 0 12 0 0 6 6 0 9 12 0 0 0 0 18
0 0 9 8 0 0 8 14 9 0 30 0 0 0 17
0 0 9 4 5 0 6 0 9 0 0 0 0 0 18
0 0 9 4 0 6 6 0 9 0 0 0 0 0 19
0 0 9 0 10 0 10 16 9 0 30 0 0 0 19
0 0 9 0 5 6 6 0 9 0 0 0 0 0 20
0 0 9 0 0 12 12 18 9 0 30 0 0 0 21
0 0 6 12 0 0 8 14 12 0 30 0 0 0 18
0 0 6 8 5 0 8 14 0 0 0 0 0 0 19
0 0 6 8 0 6 8 14 0 0 0 0 0 0 20
0 0 6 4 10 0 10 16 0 0 0 0 0 0 20
0 0 6 4 5 6 6 0 0 0 0 25 0 0 21
0 0 6 4 0 12 12 18 0 0 0 0 0 0 22
0 0 6 0 15 0 10 16 15 0 30 0 0 0 21
0 0 6 0 10 6 10 16 0 0 0 0 0 0 22
0 0 6 0 5 12 12 18 0 0 0 0 0 0 23
0 0 6 0 0 18 12 18 18 0 30 0 0 0 24
0 0 3 16 0 0 8 0 12 16 0 0 0 0 19
0 0 3 12 5 0 8 0 12 0 0 0 0 0 20
0 0 3 12 0 6 8 0 12 0 0 0 0 0 21
0 0 3 8 10 0 10 18 0 0 0 0 0 0 21
0 0 3 8 5 6 8 0 0 0 0 25 0 0 22
0 0 3 8 0 12 12 20 0 0 0 0 0 0 23
0 0 3 4 15 0 10 0 15 0 0 0 0 0 22
0 0 3 4 10 6 10 0 0 0 0 25 0 0 23
0 0 3 4 5 12 12 0 0 0 0 25 0 0 24
0 0 3 4 0 18 12 0 18 0 0 0 0 0 25
0 0 3 0 20 0 10 0 15 20 0 0 0 0 23
0 0 3 0 15 6 10 0 15 0 0 0 0 0 24
0 0 3 0 10 12 12 22 0 0 0 0 0 0 25
0 0 3 0 5 18 12 0 18 0 0 0 0 0 26
0 0 3 0 0 24 12 0 18 24 0 0 0 0 27
0 0 0 20 0 0 8 0 12 16 0 0 0 50 20
0 0 0 16 5 0 8 0 12 16 0 0 0 0 21
0 0 0 16 0 6 8 0 12 16 0 0 0 0 22
0 0 0 12 10 0 10 18 12 0 30 0 0 0 22
0 0 0 12 5 6 8 0 12 0 0 0 0 0 23
0 0 0 12 0 12 12 20 12 0 30 0 0 0 24
0 0 0 8 15 0 10 18 15 0 30 0 0 0 23
0 0 0 8 10 6 10 18 0 0 0 0 0 0 24
0 0 0 8 5 12 12 20 0 0 0 0 0 0 25
0 0 0 8 0 18 12 20 18 0 30 0 0 0 26
0 0 0 4 20 0 10 0 15 20 0 0 0 0 24
0 0 0 4 15 6 10 0 15 0 0 0 0 0 25
0 0 0 4 10 12 12 22 0 0 0 0 0 0 26
0 0 0 4 5 18 12 0 18 0 0 0 0 0 27
0 0 0 4 0 24 12 0 18 24 0 0 0 0 28
0 0 0 0 25 0 10 0 15 20 0 0 0 50 25
0 0 0 0 20 6 10 0 15 20 0 0 0 0 26
0 0 0 0 15 12 12 22 15 0 30 0 0 0 27
0 0 0 0 10 18 12 22 18 0 30 0 0 0 28
0 0 0 0 5 24 12 0 18 24 0 0 0 0 29
0 0 0 0 0 30 12 0 18 24 0 0 0 50 30
