1	1	1	1	1	1	5	0	0	0	0	0	5	0	0	0	0	0	2	0	3	4	0	0	0	50	5
2	2	1	1	1	1	4	1	0	0	0	0	4	2	0	0	0	0	2	0	3	4	0	0	0	0	6
3	3	1	1	1	1	4	0	1	0	0	0	4	0	3	0	0	0	2	0	3	4	0	0	0	0	7
4	4	1	1	1	1	4	0	0	1	0	0	4	0	0	4	0	0	2	0	3	4	0	0	0	0	8
5	5	1	1	1	1	4	0	0	0	1	0	4	0	0	0	5	0	2	0	3	4	0	0	0	0	9
6	6	1	1	1	1	4	0	0	0	0	1	4	0	0	0	0	6	2	0	3	4	0	0	0	0	10
7	2	2	1	1	1	3	2	0	0	0	0	3	4	0	0	0	0	4	6	3	0	30	0	0	0	7
8	3	2	1	1	1	3	1	1	0	0	0	3	2	3	0	0	0	2	0	3	0	0	0	0	0	8
9	4	2	1	1	1	3	1	0	1	0	0	3	2	0	4	0	0	2	0	3	0	0	0	0	0	9
10	5	2	1	1	1	3	1	0	0	1	0	3	2	0	0	5	0	2	0	3	0	0	0	0	0	10
11	6	2	1	1	1	3	1	0	0	0	1	3	2	0	0	0	6	2	0	3	0	0	0	0	0	11
12	3	3	1	1	1	3	0	2	0	0	0	3	0	6	0	0	0	6	8	3	0	30	0	0	0	9
13	4	3	1	1	1	3	0	1	1	0	0	3	0	3	4	0	0	2	0	3	0	0	0	0	0	10
14	5	3	1	1	1	3	0	1	0	1	0	3	0	3	0	5	0	2	0	3	0	0	0	0	0	11
15	6	3	1	1	1	3	0	1	0	0	1	3	0	3	0	0	6	2	0	3	0	0	0	0	0	12
16	4	4	1	1	1	3	0	0	2	0	0	3	0	0	8	0	0	8	10	3	0	30	0	0	0	11
17	5	4	1	1	1	3	0	0	1	1	0	3	0	0	4	5	0	2	0	3	0	0	0	0	0	12
18	6	4	1	1	1	3	0	0	1	0	1	3	0	0	4	0	6	2	0	3	0	0	0	0	0	13
19	5	5	1	1	1	3	0	0	0	2	0	3	0	0	0	10	0	10	12	3	0	30	0	0	0	13
20	6	5	1	1	1	3	0	0	0	1	1	3	0	0	0	5	6	2	0	3	0	0	0	0	0	14
21	6	6	1	1	1	3	0	0	0	0	2	3	0	0	0	0	12	12	14	3	0	30	0	0	0	15
22	2	2	2	1	1	2	3	0	0	0	0	2	6	0	0	0	0	4	6	6	0	30	0	0	0	8
23	3	2	2	1	1	2	2	1	0	0	0	2	4	3	0	0	0	4	6	0	0	0	0	0	0	9
24	4	2	2	1	1	2	2	0	1	0	0	2	4	0	4	0	0	4	6	0	0	0	0	0	0	10
25	5	2	2	1	1	2	2	0	0	1	0	2	4	0	0	5	0	4	6	0	0	0	0	0	0	11
26	6	2	2	1	1	2	2	0	0	0	1	2	4	0	0	0	6	4	6	0	0	0	0	0	0	12
27	3	3	2	1	1	2	1	2	0	0	0	2	2	6	0	0	0	6	8	0	0	0	0	0	0	10
28	4	3	2	1	1	2	1	1	1	0	0	2	2	3	4	0	0	2	0	0	0	0	25	0	0	11
29	5	3	2	1	1	2	1	1	0	1	0	2	2	3	0	5	0	2	0	0	0	0	0	0	0	12
30	6	3	2	1	1	2	1	1	0	0	1	2	2	3	0	0	6	2	0	0	0	0	0	0	0	13
31	4	4	2	1	1	2	1	0	2	0	0	2	2	0	8	0	0	8	10	0	0	0	0	0	0	12
32	5	4	2	1	1	2	1	0	1	1	0	2	2	0	4	5	0	2	0	0	0	0	0	0	0	13
33	6	4	2	1	1	2	1	0	1	0	1	2	2	0	4	0	6	2	0	0	0	0	0	0	0	14
34	5	5	2	1	1	2	1	0	0	2	0	2	2	0	0	10	0	10	12	0	0	0	0	0	0	14
35	6	5	2	1	1	2	1	0	0	1	1	2	2	0	0	5	6	2	0	0	0	0	0	0	0	15
36	6	6	2	1	1	2	1	0	0	0	2	2	2	0	0	0	12	12	14	0	0	0	0	0	0	16
37	3	3	3	1	1	2	0	3	0	0	0	2	0	9	0	0	0	6	8	9	0	30	0	0	0	11
38	4	3	3	1	1	2	0	2	1	0	0	2	0	6	4	0	0	6	8	0	0	0	0	0	0	12
39	5	3	3	1	1	2	0	2	0	1	0	2	0	6	0	5	0	6	8	0	0	0	0	0	0	13
40	6	3	3	1	1	2	0	2	0	0	1	2	0	6	0	0	6	6	8	0	0	0	0	0	0	14
41	4	4	3	1	1	2	0	1	2	0	0	2	0	3	8	0	0	8	10	0	0	0	0	0	0	13
42	5	4	3	1	1	2	0	1	1	1	0	2	0	3	4	5	0	2	0	0	0	0	0	0	0	14
43	6	4	3	1	1	2	0	1	1	0	1	2	0	3	4	0	6	2	0	0	0	0	0	0	0	15
44	5	5	3	1	1	2	0	1	0	2	0	2	0	3	0	10	0	10	12	0	0	0	0	0	0	15
45	6	5	3	1	1	2	0	1	0	1	1	2	0	3	0	5	6	2	0	0	0	0	0	0	0	16
46	6	6	3	1	1	2	0	1	0	0	2	2	0	3	0	0	12	12	14	0	0	0	0	0	0	17
47	4	4	4	1	1	2	0	0	3	0	0	2	0	0	12	0	0	8	10	12	0	30	0	0	0	14
48	5	4	4	1	1	2	0	0	2	1	0	2	0	0	8	5	0	8	10	0	0	0	0	0	0	15
49	6	4	4	1	1	2	0	0	2	0	1	2	0	0	8	0	6	8	10	0	0	0	0	0	0	16
50	5	5	4	1	1	2	0	0	1	2	0	2	0	0	4	10	0	10	12	0	0	0	0	0	0	16
51	6	5	4	1	1	2	0	0	1	1	1	2	0	0	4	5	6	2	0	0	0	0	0	0	0	17
52	6	6	4	1	1	2	0	0	1	0	2	2	0	0	4	0	12	12	14	0	0	0	0	0	0	18
53	5	5	5	1	1	2	0	0	0	3	0	2	0	0	0	15	0	10	12	15	0	30	0	0	0	17
54	6	5	5	1	1	2	0	0	0	2	1	2	0	0	0	10	6	10	12	0	0	0	0	0	0	18
55	6	6	5	1	1	2	0	0	0	1	2	2	0	0	0	5	12	12	14	0	0	0	0	0	0	19
56	6	6	6	1	1	2	0	0	0	0	3	2	0	0	0	0	18	12	14	18	0	30	0	0	0	20
57	2	2	2	2	1	1	4	0	0	0	0	1	8	0	0	0	0	4	0	6	8	0	0	0	0	9
58	3	2	2	2	1	1	3	1	0	0	0	1	6	3	0	0	0	4	0	6	0	0	0	0	0	10
59	4	2	2	2	1	1	3	0	1	0	0	1	6	0	4	0	0	4	0	6	0	0	0	0	0	11
60	5	2	2	2	1	1	3	0	0	1	0	1	6	0	0	5	0	4	0	6	0	0	0	0	0	12
61	6	2	2	2	1	1	3	0	0	0	1	1	6	0	0	0	6	4	0	6	0	0	0	0	0	13
62	3	3	2	2	1	1	2	2	0	0	0	1	4	6	0	0	0	6	10	0	0	0	0	0	0	11
63	4	3	2	2	1	1	2	1	1	0	0	1	4	3	4	0	0	4	0	0	0	0	25	0	0	12
64	5	3	2	2	1	1	2	1	0	1	0	1	4	3	0	5	0	4	0	0	0	0	0	0	0	13
65	6	3	2	2	1	1	2	1	0	0	1	1	4	3	0	0	6	4	0	0	0	0	0	0	0	14
66	4	4	2	2	1	1	2	0	2	0	0	1	4	0	8	0	0	8	12	0	0	0	0	0	0	13
67	5	4	2	2	1	1	2	0	1	1	0	1	4	0	4	5	0	4	0	0	0	0	0	0	0	14
68	6	4	2	2	1	1	2	0	1	0	1	1	4	0	4	0	6	4	0	0	0	0	0	0	0	15
69	5	5	2	2	1	1	2	0	0	2	0	1	4	0	0	10	0	10	14	0	0	0	0	0	0	15
70	6	5	2	2	1	1	2	0	0	1	1	1	4	0	0	5	6	4	0	0	0	0	0	0	0	16
71	6	6	2	2	1	1	2	0	0	0	2	1	4	0	0	0	12	12	16	0	0	0	0	0	0	17
72	3	3	3	2	1	1	1	3	0	0	0	1	2	9	0	0	0	6	0	9	0	0	0	0	0	12
73	4	3	3	2	1	1	1	2	1	0	0	1	2	6	4	0	0	6	0	0	0	0	25	0	0	13
74	5	3	3	2	1	1	1	2	0	1	0	1	2	6	0	5	0	6	0	0	0	0	0	0	0	14
75	6	3	3	2	1	1	1	2	0	0	1	1	2	6	0	0	6	6	0	0	0	0	0	0	0	15
76	4	4	3	2	1	1	1	1	2	0	0	1	2	3	8	0	0	8	0	0	0	0	25	0	0	14
77	5	4	3	2	1	1	1	1	1	1	0	1	2	3	4	5	0	0	0	0	0	0	25	40	0	15
78	6	4	3	2	1	1	1	1	1	0	1	1	2	3	4	0	6	0	0	0	0	0	25	0	0	16
79	5	5	3	2	1	1	1	1	0	2	0	1	2	3	0	10	0	10	0	0	0	0	0	0	0	16
80	6	5	3	2	1	1	1	1	0	1	1	1	2	3	0	5	6	0	0	0	0	0	0	0	0	17
81	6	6	3	2	1	1	1	1	0	0	2	1	2	3	0	0	12	12	0	0	0	0	0	0	0	18
82	4	4	4	2	1	1	1	0	3	0	0	1	2	0	12	0	0	8	0	12	0	0	0	0	0	15
83	5	4	4	2	1	1	1	0	2	1	0	1	2	0	8	5	0	8	0	0	0	0	0	0	0	16
84	6	4	4	2	1	1	1	0	2	0	1	1	2	0	8	0	6	8	0	0	0	0	0	0	0	17
85	5	5	4	2	1	1	1	0	1	2	0	1	2	0	4	10	0	10	0	0	0	0	0	0	0	17
86	6	5	4	2	1	1	1	0	1	1	1	1	2	0	4	5	6	0	0	0	0	0	0	0	0	18
87	6	6	4	2	1	1	1	0	1	0	2	1	2	0	4	0	12	12	0	0	0	0	0	0	0	19
88	5	5	5	2	1	1	1	0	0	3	0	1	2	0	0	15	0	10	0	15	0	0	0	0	0	18
89	6	5	5	2	1	1	1	0	0	2	1	1	2	0	0	10	6	10	0	0	0	0	0	0	0	19
90	6	6	5	2	1	1	1	0	0	1	2	1	2	0	0	5	12	12	0	0	0	0	0	0	0	20
91	6	6	6	2	1	1	1	0	0	0	3	1	2	0	0	0	18	12	0	18	0	0	0	0	0	21
92	3	3	3	3	1	1	0	4	0	0	0	1	0	12	0	0	0	6	0	9	12	0	0	0	0	13
93	4	3	3	3	1	1	0	3	1	0	0	1	0	9	4	0	0	6	0	9	0	0	0	0	0	14
94	5	3	3	3	1	1	0	3	0	1	0	1	0	9	0	5	0	6	0	9	0	0	0	0	0	15
95	6	3	3	3	1	1	0	3	0	0	1	1	0	9	0	0	6	6	0	9	0	0	0	0	0	16
96	4	4	3	3	1	1	0	2	2	0	0	1	0	6	8	0	0	8	14	0	0	0	0	0	0	15
97	5	4	3	3	1	1	0	2	1	1	0	1	0	6	4	5	0	6	0	0	0	0	0	0	0	16
98	6	4	3	3	1	1	0	2	1	0	1	1	0	6	4	0	6	6	0	0	0	0	0	0	0	17
99	5	5	3	3	1	1	0	2	0	2	0	1	0	6	0	10	0	10	16	0	0	0	0	0	0	17
100	6	5	3	3	1	1	0	2	0	1	1	1	0	6	0	5	6	6	0	0	0	0	0	0	0	18
101	6	6	3	3	1	1	0	2	0	0	2	1	0	6	0	0	12	12	18	0	0	0	0	0	0	19
102	4	4	4	3	1	1	0	1	3	0	0	1	0	3	12	0	0	8	0	12	0	0	0	0	0	16
103	5	4	4	3	1	1	0	1	2	1	0	1	0	3	8	5	0	8	0	0	0	0	0	0	0	17
104	6	4	4	3	1	1	0	1	2	0	1	1	0	3	8	0	6	8	0	0	0	0	0	0	0	18
105	5	5	4	3	1	1	0	1	1	2	0	1	0	3	4	10	0	10	0	0	0	0	0	0	0	18
106	6	5	4	3	1	1	0	1	1	1	1	1	0	3	4	5	6	0	0	0	0	0	25	0	0	19
107	6	6	4	3	1	1	0	1	1	0	2	1	0	3	4	0	12	12	0	0	0	0	0	0	0	20
108	5	5	5	3	1	1	0	1	0	3	0	1	0	3	0	15	0	10	0	15	0	0	0	0	0	19
109	6	5	5	3	1	1	0	1	0	2	1	1	0	3	0	10	6	10	0	0	0	0	0	0	0	20
110	6	6	5	3	1	1	0	1	0	1	2	1	0	3	0	5	12	12	0	0	0	0	0	0	0	21
111	6	6	6	3	1	1	0	1	0	0	3	1	0	3	0	0	18	12	0	18	0	0	0	0	0	22
112	4	4	4	4	1	1	0	0	4	0	0	1	0	0	16	0	0	8	0	12	16	0	0	0	0	17
113	5	4	4	4	1	1	0	0	3	1	0	1	0	0	12	5	0	8	0	12	0	0	0	0	0	18
114	6	4	4	4	1	1	0	0	3	0	1	1	0	0	12	0	6	8	0	12	0	0	0	0	0	19
115	5	5	4	4	1	1	0	0	2	2	0	1	0	0	8	10	0	10	18	0	0	0	0	0	0	19
116	6	5	4	4	1	1	0	0	2	1	1	1	0	0	8	5	6	8	0	0	0	0	0	0	0	20
117	6	6	4	4	1	1	0	0	2	0	2	1	0	0	8	0	12	12	20	0	0	0	0	0	0	21
118	5	5	5	4	1	1	0	0	1	3	0	1	0	0	4	15	0	10	0	15	0	0	0	0	0	20
119	6	5	5	4	1	1	0	0	1	2	1	1	0	0	4	10	6	10	0	0	0	0	0	0	0	21
120	6	6	5	4	1	1	0	0	1	1	2	1	0	0	4	5	12	12	0	0	0	0	0	0	0	22
121	6	6	6	4	1	1	0	0	1	0	3	1	0	0	4	0	18	12	0	18	0	0	0	0	0	23
122	5	5	5	5	1	1	0	0	0	4	0	1	0	0	0	20	0	10	0	15	20	0	0	0	0	21
123	6	5	5	5	1	1	0	0	0	3	1	1	0	0	0	15	6	10	0	15	0	0	0	0	0	22
124	6	6	5	5	1	1	0	0	0	2	2	1	0	0	0	10	12	12	22	0	0	0	0	0	0	23
125	6	6	6	5	1	1	0	0	0	1	3	1	0	0	0	5	18	12	0	18	0	0	0	0	0	24
126	6	6	6	6	1	1	0	0	0	0	4	1	0	0	0	0	24	12	0	18	24	0	0	0	0	25
127	2	2	2	2	2	0	5	0	0	0	0	0	10	0	0	0	0	4	0	6	8	0	0	0	50	10
128	3	2	2	2	2	0	4	1	0	0	0	0	8	3	0	0	0	4	0	6	8	0	0	0	0	11
129	4	2	2	2	2	0	4	0	1	0	0	0	8	0	4	0	0	4	0	6	8	0	0	0	0	12
130	5	2	2	2	2	0	4	0	0	1	0	0	8	0	0	5	0	4	0	6	8	0	0	0	0	13
131	6	2	2	2	2	0	4	0	0	0	1	0	8	0	0	0	6	4	0	6	8	0	0	0	0	14
132	3	3	2	2	2	0	3	2	0	0	0	0	6	6	0	0	0	6	10	6	0	30	0	0	0	12
133	4	3	2	2	2	0	3	1	1	0	0	0	6	3	4	0	0	4	0	6	0	0	0	0	0	13
134	5	3	2	2	2	0	3	1	0	1	0	0	6	3	0	5	0	4	0	6	0	0	0	0	0	14
135	6	3	2	2	2	0	3	1	0	0	1	0	6	3	0	0	6	4	0	6	0	0	0	0	0	15
136	4	4	2	2	2	0	3	0	2	0	0	0	6	0	8	0	0	8	12	6	0	30	0	0	0	14
137	5	4	2	2	2	0	3	0	1	1	0	0	6	0	4	5	0	4	0	6	0	0	0	0	0	15
138	6	4	2	2	2	0	3	0	1	0	1	0	6	0	4	0	6	4	0	6	0	0	0	0	0	16
139	5	5	2	2	2	0	3	0	0	2	0	0	6	0	0	10	0	10	14	6	0	30	0	0	0	16
140	6	5	2	2	2	0	3	0	0	1	1	0	6	0	0	5	6	4	0	6	0	0	0	0	0	17
141	6	6	2	2	2	0	3	0	0	0	2	0	6	0	0	0	12	12	16	6	0	30	0	0	0	18
142	3	3	3	2	2	0	2	3	0	0	0	0	4	9	0	0	0	6	10	9	0	30	0	0	0	13
143	4	3	3	2	2	0	2	2	1	0	0	0	4	6	4	0	0	6	10	0	0	0	0	0	0	14
144	5	3	3	2	2	0	2	2	0	1	0	0	4	6	0	5	0	6	10	0	0	0	0	0	0	15
145	6	3	3	2	2	0	2	2	0	0	1	0	4	6	0	0	6	6	10	0	0	0	0	0	0	16
146	4	4	3	2	2	0	2	1	2	0	0	0	4	3	8	0	0	8	12	0	0	0	0	0	0	15
147	5	4	3	2	2	0	2	1	1	1	0	0	4	3	4	5	0	4	0	0	0	0	25	0	0	16
148	6	4	3	2	2	0	2	1	1	0	1	0	4	3	4	0	6	4	0	0	0	0	0	0	0	17
149	5	5	3	2	2	0	2	1	0	2	0	0	4	3	0	10	0	10	14	0	0	0	0	0	0	17
150	6	5	3	2	2	0	2	1	0	1	1	0	4	3	0	5	6	4	0	0	0	0	0	0	0	18
151	6	6	3	2	2	0	2	1	0	0	2	0	4	3	0	0	12	12	16	0	0	0	0	0	0	19
152	4	4	4	2	2	0	2	0	3	0	0	0	4	0	12	0	0	8	12	12	0	30	0	0	0	16
153	5	4	4	2	2	0	2	0	2	1	0	0	4	0	8	5	0	8	12	0	0	0	0	0	0	17
154	6	4	4	2	2	0	2	0	2	0	1	0	4	0	8	0	6	8	12	0	0	0	0	0	0	18
155	5	5	4	2	2	0	2	0	1	2	0	0	4	0	4	10	0	10	14	0	0	0	0	0	0	18
156	6	5	4	2	2	0	2	0	1	1	1	0	4	0	4	5	6	4	0	0	0	0	0	0	0	19
157	6	6	4	2	2	0	2	0	1	0	2	0	4	0	4	0	12	12	16	0	0	0	0	0	0	20
158	5	5	5	2	2	0	2	0	0	3	0	0	4	0	0	15	0	10	14	15	0	30	0	0	0	19
159	6	5	5	2	2	0	2	0	0	2	1	0	4	0	0	10	6	10	14	0	0	0	0	0	0	20
160	6	6	5	2	2	0	2	0	0	1	2	0	4	0	0	5	12	12	16	0	0	0	0	0	0	21
161	6	6	6	2	2	0	2	0	0	0	3	0	4	0	0	0	18	12	16	18	0	30	0	0	0	22
162	3	3	3	3	2	0	1	4	0	0	0	0	2	12	0	0	0	6	0	9	12	0	0	0	0	14
163	4	3	3	3	2	0	1	3	1	0	0	0	2	9	4	0	0	6	0	9	0	0	0	0	0	15
164	5	3	3	3	2	0	1	3	0	1	0	0	2	9	0	5	0	6	0	9	0	0	0	0	0	16
165	6	3	3	3	2	0	1	3	0	0	1	0	2	9	0	0	6	6	0	9	0	0	0	0	0	17
166	4	4	3	3	2	0	1	2	2	0	0	0	2	6	8	0	0	8	14	0	0	0	0	0	0	16
167	5	4	3	3	2	0	1	2	1	1	0	0	2	6	4	5	0	6	0	0	0	0	25	0	0	17
168	6	4	3	3	2	0	1	2	1	0	1	0	2	6	4	0	6	6	0	0	0	0	0	0	0	18
169	5	5	3	3	2	0	1	2	0	2	0	0	2	6	0	10	0	10	16	0	0	0	0	0	0	18
170	6	5	3	3	2	0	1	2	0	1	1	0	2	6	0	5	6	6	0	0	0	0	0	0	0	19
171	6	6	3	3	2	0	1	2	0	0	2	0	2	6	0	0	12	12	18	0	0	0	0	0	0	20
172	4	4	4	3	2	0	1	1	3	0	0	0	2	3	12	0	0	8	0	12	0	0	0	0	0	17
173	5	4	4	3	2	0	1	1	2	1	0	0	2	3	8	5	0	8	0	0	0	0	25	0	0	18
174	6	4	4	3	2	0	1	1	2	0	1	0	2	3	8	0	6	8	0	0	0	0	0	0	0	19
175	5	5	4	3	2	0	1	1	1	2	0	0	2	3	4	10	0	10	0	0	0	0	25	0	0	19
176	6	5	4	3	2	0	1	1	1	1	1	0	2	3	4	5	6	0	0	0	0	0	25	40	0	20
177	6	6	4	3	2	0	1	1	1	0	2	0	2	3	4	0	12	12	0	0	0	0	0	0	0	21
178	5	5	5	3	2	0	1	1	0	3	0	0	2	3	0	15	0	10	0	15	0	0	0	0	0	20
179	6	5	5	3	2	0	1	1	0	2	1	0	2	3	0	10	6	10	0	0	0	0	0	0	0	21
180	6	6	5	3	2	0	1	1	0	1	2	0	2	3	0	5	12	12	0	0	0	0	0	0	0	22
181	6	6	6	3	2	0	1	1	0	0	3	0	2	3	0	0	18	12	0	18	0	0	0	0	0	23
182	4	4	4	4	2	0	1	0	4	0	0	0	2	0	16	0	0	8	0	12	16	0	0	0	0	18
183	5	4	4	4	2	0	1	0	3	1	0	0	2	0	12	5	0	8	0	12	0	0	0	0	0	19
184	6	4	4	4	2	0	1	0	3	0	1	0	2	0	12	0	6	8	0	12	0	0	0	0	0	20
185	5	5	4	4	2	0	1	0	2	2	0	0	2	0	8	10	0	10	18	0	0	0	0	0	0	20
186	6	5	4	4	2	0	1	0	2	1	1	0	2	0	8	5	6	8	0	0	0	0	0	0	0	21
187	6	6	4	4	2	0	1	0	2	0	2	0	2	0	8	0	12	12	20	0	0	0	0	0	0	22
188	5	5	5	4	2	0	1	0	1	3	0	0	2	0	4	15	0	10	0	15	0	0	0	0	0	21
189	6	5	5	4	2	0	1	0	1	2	1	0	2	0	4	10	6	10	0	0	0	0	0	0	0	22
190	6	6	5	4	2	0	1	0	1	1	2	0	2	0	4	5	12	12	0	0	0	0	0	0	0	23
191	6	6	6	4	2	0	1	0	1	0	3	0	2	0	4	0	18	12	0	18	0	0	0	0	0	24
192	5	5	5	5	2	0	1	0	0	4	0	0	2	0	0	20	0	10	0	15	20	0	0	0	0	22
193	6	5	5	5	2	0	1	0	0	3	1	0	2	0	0	15	6	10	0	15	0	0	0	0	0	23
194	6	6	5	5	2	0	1	0	0	2	2	0	2	0	0	10	12	12	22	0	0	0	0	0	0	24
195	6	6	6	5	2	0	1	0	0	1	3	0	2	0	0	5	18	12	0	18	0	0	0	0	0	25
196	6	6	6	6	2	0	1	0	0	0	4	0	2	0	0	0	24	12	0	18	24	0	0	0	0	26
197	3	3	3	3	3	0	0	5	0	0	0	0	0	15	0	0	0	6	0	9	12	0	0	0	50	15
198	4	3	3	3	3	0	0	4	1	0	0	0	0	12	4	0	0	6	0	9	12	0	0	0	0	16
199	5	3	3	3	3	0	0	4	0	1	0	0	0	12	0	5	0	6	0	9	12	0	0	0	0	17
200	6	3	3	3	3	0	0	4	0	0	1	0	0	12	0	0	6	6	0	9	12	0	0	0	0	18
201	4	4	3	3	3	0	0	3	2	0	0	0	0	9	8	0	0	8	14	9	0	30	0	0	0	17
202	5	4	3	3	3	0	0	3	1	1	0	0	0	9	4	5	0	6	0	9	0	0	0	0	0	18
203	6	4	3	3	3	0	0	3	1	0	1	0	0	9	4	0	6	6	0	9	0	0	0	0	0	19
204	5	5	3	3	3	0	0	3	0	2	0	0	0	9	0	10	0	10	16	9	0	30	0	0	0	19
205	6	5	3	3	3	0	0	3	0	1	1	0	0	9	0	5	6	6	0	9	0	0	0	0	0	20
206	6	6	3	3	3	0	0	3	0	0	2	0	0	9	0	0	12	12	18	9	0	30	0	0	0	21
207	4	4	4	3	3	0	0	2	3	0	0	0	0	6	12	0	0	8	14	12	0	30	0	0	0	18
208	5	4	4	3	3	0	0	2	2	1	0	0	0	6	8	5	0	8	14	0	0	0	0	0	0	19
209	6	4	4	3	3	0	0	2	2	0	1	0	0	6	8	0	6	8	14	0	0	0	0	0	0	20
210	5	5	4	3	3	0	0	2	1	2	0	0	0	6	4	10	0	10	16	0	0	0	0	0	0	20
211	6	5	4	3	3	0	0	2	1	1	1	0	0	6	4	5	6	6	0	0	0	0	25	0	0	21
212	6	6	4	3	3	0	0	2	1	0	2	0	0	6	4	0	12	12	18	0	0	0	0	0	0	22
213	5	5	5	3	3	0	0	2	0	3	0	0	0	6	0	15	0	10	16	15	0	30	0	0	0	21
214	6	5	5	3	3	0	0	2	0	2	1	0	0	6	0	10	6	10	16	0	0	0	0	0	0	22
215	6	6	5	3	3	0	0	2	0	1	2	0	0	6	0	5	12	12	18	0	0	0	0	0	0	23
216	6	6	6	3	3	0	0	2	0	0	3	0	0	6	0	0	18	12	18	18	0	30	0	0	0	24
217	4	4	4	4	3	0	0	1	4	0	0	0	0	3	16	0	0	8	0	12	16	0	0	0	0	19
218	5	4	4	4	3	0	0	1	3	1	0	0	0	3	12	5	0	8	0	12	0	0	0	0	0	20
219	6	4	4	4	3	0	0	1	3	0	1	0	0	3	12	0	6	8	0	12	0	0	0	0	0	21
220	5	5	4	4	3	0	0	1	2	2	0	0	0	3	8	10	0	10	18	0	0	0	0	0	0	21
221	6	5	4	4	3	0	0	1	2	1	1	0	0	3	8	5	6	8	0	0	0	0	25	0	0	22
222	6	6	4	4	3	0	0	1	2	0	2	0	0	3	8	0	12	12	20	0	0	0	0	0	0	23
223	5	5	5	4	3	0	0	1	1	3	0	0	0	3	4	15	0	10	0	15	0	0	0	0	0	22
224	6	5	5	4	3	0	0	1	1	2	1	0	0	3	4	10	6	10	0	0	0	0	25	0	0	23
225	6	6	5	4	3	0	0	1	1	1	2	0	0	3	4	5	12	12	0	0	0	0	25	0	0	24
226	6	6	6	4	3	0	0	1	1	0	3	0	0	3	4	0	18	12	0	18	0	0	0	0	0	25
227	5	5	5	5	3	0	0	1	0	4	0	0	0	3	0	20	0	10	0	15	20	0	0	0	0	23
228	6	5	5	5	3	0	0	1	0	3	1	0	0	3	0	15	6	10	0	15	0	0	0	0	0	24
229	6	6	5	5	3	0	0	1	0	2	2	0	0	3	0	10	12	12	22	0	0	0	0	0	0	25
230	6	6	6	5	3	0	0	1	0	1	3	0	0	3	0	5	18	12	0	18	0	0	0	0	0	26
231	6	6	6	6	3	0	0	1	0	0	4	0	0	3	0	0	24	12	0	18	24	0	0	0	0	27
232	4	4	4	4	4	0	0	0	5	0	0	0	0	0	20	0	0	8	0	12	16	0	0	0	50	20
233	5	4	4	4	4	0	0	0	4	1	0	0	0	0	16	5	0	8	0	12	16	0	0	0	0	21
234	6	4	4	4	4	0	0	0	4	0	1	0	0	0	16	0	6	8	0	12	16	0	0	0	0	22
235	5	5	4	4	4	0	0	0	3	2	0	0	0	0	12	10	0	10	18	12	0	30	0	0	0	22
236	6	5	4	4	4	0	0	0	3	1	1	0	0	0	12	5	6	8	0	12	0	0	0	0	0	23
237	6	6	4	4	4	0	0	0	3	0	2	0	0	0	12	0	12	12	20	12	0	30	0	0	0	24
238	5	5	5	4	4	0	0	0	2	3	0	0	0	0	8	15	0	10	18	15	0	30	0	0	0	23
239	6	5	5	4	4	0	0	0	2	2	1	0	0	0	8	10	6	10	18	0	0	0	0	0	0	24
240	6	6	5	4	4	0	0	0	2	1	2	0	0	0	8	5	12	12	20	0	0	0	0	0	0	25
241	6	6	6	4	4	0	0	0	2	0	3	0	0	0	8	0	18	12	20	18	0	30	0	0	0	26
242	5	5	5	5	4	0	0	0	1	4	0	0	0	0	4	20	0	10	0	15	20	0	0	0	0	24
243	6	5	5	5	4	0	0	0	1	3	1	0	0	0	4	15	6	10	0	15	0	0	0	0	0	25
244	6	6	5	5	4	0	0	0	1	2	2	0	0	0	4	10	12	12	22	0	0	0	0	0	0	26
245	6	6	6	5	4	0	0	0	1	1	3	0	0	0	4	5	18	12	0	18	0	0	0	0	0	27
246	6	6	6	6	4	0	0	0	1	0	4	0	0	0	4	0	24	12	0	18	24	0	0	0	0	28
247	5	5	5	5	5	0	0	0	0	5	0	0	0	0	0	25	0	10	0	15	20	0	0	0	50	25
248	6	5	5	5	5	0	0	0	0	4	1	0	0	0	0	20	6	10	0	15	20	0	0	0	0	26
249	6	6	5	5	5	0	0	0	0	3	2	0	0	0	0	15	12	12	22	15	0	30	0	0	0	27
250	6	6	6	5	5	0	0	0	0	2	3	0	0	0	0	10	18	12	22	18	0	30	0	0	0	28
251	6	6	6	6	5	0	0	0	0	1	4	0	0	0	0	5	24	12	0	18	24	0	0	0	0	29
252	6	6	6	6	6	0	0	0	0	0	5	0	0	0	0	0	30	12	0	18	24	0	0	0	50	30
